# topology file must start with keyword topology
#
# topology {TOPOLOGY} [KEY=VAL [KEY=VAL [...]]]
# failure_model {FAILURE_MODEL} [KEY=VAL [KEY=VAL [...]]]
#         <--- empty line
# node-id x,y
# node-id x,y
# ...
# node-id can't be 0
topology PlanetLabData 400
failure_model ConstantFailureModel

1 1,1
2 2,2
3 3,3
4 4,4
5 5,5
6 6,6
7 7,7
8 8,8
9 9,9
10 10,10
11 11,11
12 12,12
13 13,13
14 14,14
15 15,15
16 16,16
17 17,17
18 18,18
19 19,19
20 20,20
21 21,21
22 22,22
23 23,23
24 24,24
25 25,25
26 26,26
27 27,27
28 28,28
29 29,29
30 30,30
31 31,31
32 32,32
33 33,33
34 34,34
35 35,35
36 36,36
37 37,37
38 38,38
39 39,39
40 40,40
41 41,41
42 42,42
43 43,43
44 44,44
45 45,45
46 46,46
47 47,47
48 48,48
49 49,49
50 50,50
51 51,51
52 52,52
53 53,53
54 54,54
55 55,55
56 56,56
57 57,57
58 58,58
59 59,59
60 60,60
61 61,61
62 62,62
63 63,63
64 64,64
65 65,65
66 66,66
67 67,67
68 68,68
69 69,69
70 70,70
71 71,71
72 72,72
73 73,73
74 74,74
75 75,75
76 76,76
77 77,77
78 78,78
79 79,79
80 80,80
81 81,81
82 82,82
83 83,83
84 84,84
85 85,85
86 86,86
87 87,87
88 88,88
89 89,89
90 90,90
91 91,91
92 92,92
93 93,93
94 94,94
95 95,95
96 96,96
97 97,97
98 98,98
99 99,99
100 1,1
101 1,1
102 2,2
103 3,3
104 4,4
105 5,5
106 6,6
107 7,7
108 8,8
109 9,9
110 10,10
111 11,11
112 12,12
113 13,13
114 14,14
115 15,15
116 16,16
117 17,17
118 18,18
119 19,19
120 20,20
121 21,21
122 22,22
123 23,23
124 24,24
125 25,25
126 26,26
127 27,27
128 28,28
129 29,29
130 30,30
131 31,31
132 32,32
133 33,33
134 34,34
135 35,35
136 36,36
137 37,37
138 38,38
139 39,39
140 40,40
141 41,41
142 42,42
143 43,43
144 44,44
145 45,45
146 46,46
147 47,47
148 48,48
149 49,49
150 50,50
151 51,51
152 52,52
153 53,53
154 54,54
155 55,55
156 56,56
157 57,57
158 58,58
159 59,59
160 60,60
161 61,61
162 62,62
163 63,63
164 64,64
165 65,65
166 66,66
167 67,67
168 68,68
169 69,69
170 70,70
171 71,71
172 72,72
173 73,73
174 74,74
175 75,75
176 76,76
177 77,77
178 78,78
179 79,79
180 80,80
181 81,81
182 82,82
183 83,83
184 84,84
185 85,85
186 86,86
187 87,87
188 88,88
189 89,89
190 90,90
191 91,91
192 92,92
193 93,93
194 94,94
195 95,95
196 96,96
197 97,97
198 98,98
199 99,99
200 1,1
201 1,1
202 2,2
203 3,3
204 4,4
205 5,5
206 6,6
207 7,7
208 8,8
209 9,9
210 10,10
211 11,11
212 12,12
213 13,13
214 14,14
215 15,15
216 16,16
217 17,17
218 18,18
219 19,19
220 20,20
221 21,21
222 22,22
223 23,23
224 24,24
225 25,25
226 26,26
227 27,27
228 28,28
229 29,29
230 30,30
231 31,31
232 32,32
233 33,33
234 34,34
235 35,35
236 36,36
237 37,37
238 38,38
239 39,39
240 40,40
241 41,41
242 42,42
243 43,43
244 44,44
245 45,45
246 46,46
247 47,47
248 48,48
249 49,49
250 50,50
251 51,51
252 52,52
253 53,53
254 54,54
255 55,55
256 56,56
257 57,57
258 58,58
259 59,59
260 60,60
261 61,61
262 62,62
263 63,63
264 64,64
265 65,65
266 66,66
267 67,67
268 68,68
269 69,69
270 70,70
271 71,71
272 72,72
273 73,73
274 74,74
275 75,75
276 76,76
277 77,77
278 78,78
279 79,79
280 80,80
281 81,81
282 82,82
283 83,83
284 84,84
285 85,85
286 86,86
287 87,87
288 88,88
289 89,89
290 90,90
291 91,91
292 92,92
293 93,93
294 94,94
295 95,95
296 96,96
297 97,97
298 98,98
299 99,99
300 1,1
301 1,1
302 2,2
303 3,3
304 4,4
305 5,5
306 6,6
307 7,7
308 8,8
309 9,9
310 10,10
311 11,11
312 12,12
313 13,13
314 14,14
315 15,15
316 16,16
317 17,17
318 18,18
319 19,19
320 20,20
321 21,21
322 22,22
323 23,23
324 24,24
325 25,25
326 26,26
327 27,27
328 28,28
329 29,29
330 30,30
331 31,31
332 32,32
333 33,33
334 34,34
335 35,35
336 36,36
337 37,37
338 38,38
339 39,39
340 40,40
341 41,41
342 42,42
343 43,43
344 44,44
345 45,45
346 46,46
347 47,47
348 48,48
349 49,49
350 50,50
351 51,51
352 52,52
353 53,53
354 54,54
355 55,55
356 56,56
357 57,57
358 58,58
359 59,59
360 60,60
361 61,61
362 62,62
363 63,63
364 64,64
365 65,65
366 66,66
367 67,67
368 68,68
369 69,69
370 70,70
371 71,71
372 72,72
373 73,73
374 74,74
375 75,75
376 76,76
377 77,77
378 78,78
379 79,79
380 80,80
381 81,81
382 82,82
383 83,83
384 84,84
385 85,85
386 86,86
387 87,87
388 88,88
389 89,89
390 90,90
391 91,91
392 92,92
393 93,93
394 94,94
395 95,95
396 96,96
397 97,97
398 98,98
399 99,99
400 1,1
401 1,1
402 2,2
403 3,3
404 4,4
405 5,5
406 6,6
407 7,7
408 8,8
409 9,9
410 10,10
411 11,11
412 12,12
413 13,13
414 14,14
415 15,15
416 16,16
417 17,17
418 18,18
419 19,19
420 20,20
421 21,21
422 22,22
423 23,23
424 24,24
425 25,25
426 26,26
427 27,27
428 28,28
429 29,29
430 30,30
431 31,31
432 32,32
433 33,33
434 34,34
435 35,35
436 36,36
437 37,37
438 38,38
439 39,39
440 40,40
441 41,41
442 42,42
443 43,43
444 44,44
445 45,45
446 46,46
447 47,47
448 48,48
449 49,49
450 50,50
451 51,51
452 52,52
453 53,53
454 54,54
455 55,55
456 56,56
457 57,57
458 58,58
459 59,59
460 60,60
461 61,61
462 62,62
463 63,63
464 64,64
465 65,65
466 66,66
467 67,67
468 68,68
469 69,69
470 70,70
471 71,71
472 72,72
473 73,73
474 74,74
475 75,75
476 76,76
477 77,77
478 78,78
479 79,79
480 80,80
481 81,81
482 82,82
483 83,83
484 84,84
485 85,85
486 86,86
487 87,87
488 88,88
489 89,89
490 90,90